-0.6492242 1.362875 5.25866 3.635512 7.306635
5.080015 2.011404 7.247457 3.922371 4.744935
10.5676 12.10112 9.005169 0.3924375 6.782584
7.995694 2.041459 9.884348 10.12716 8.171299
4.474307 -0.4817971 7.689861 7.35746 9.410444
1.200955 4.737054 3.881634 7.806083 6.404981
8.409412 10.54658 8.553741 5.369383 7.774723
6.650088 4.954687 7.95859 2.282269 -0.6162295
4.305436 4.32237 4.670291 8.106994 0.7494566
2.579353 2.941334 8.279259 10.06343 7.172441
3.259884 8.048116 2.890634 2.776482 3.480906
6.919948 14.83421 2.90252 10.94504 1.148655
5.040409 6.001856 7.463625 1.863896 3.036466
2.216979 -0.2201996 9.03652 5.24431 1.123708
5.564489 8.627809 5.241319 8.42551 2.742135
0.9452186 7.315456 8.31253 2.930625 2.501438
8.408553 9.046095 6.238095 3.84729 2.484596
9.037712 8.932213 1.031613 5.229469 4.354992
5.152446 9.943468 1.529326 2.713904 4.11267
4.998733 0.6217297 9.201664 12.05257 3.813585
5.570437 6.643111 3.303736 6.220333 4.013265
12.4504 6.881783 6.09304 3.146078 4.273676
5.908897 5.148843 5.074737 5.330781 6.543622
6.512052 1.952541 3.373987 4.934666 8.437852
3.240423 1.058088 6.396235 4.809684 0.06978317
4.540975 8.514375 3.32175 5.635638 9.780823
8.178806 -1.791977 9.244025 6.221537 2.745829
2.030132 4.696847 0.284239 7.275008 -0.6184888
4.660896 3.96091 3.538442 4.996358 2.292794
4.712759 8.630493 6.686873 2.018586 3.901609
-0.3826714 8.388244 4.935329 2.975305 4.737155
8.500758 1.876356 6.315062 5.757844 3.637806
1.362064 9.967888 7.839033 1.052211 9.360444
4.702485 6.737403 6.704106 7.799492 4.578135
11.46481 9.084897 10.10499 3.920856 3.699348
4.248378 6.135461 1.286938 3.810431 9.506656
2.638171 3.835336 3.737027 12.16521 1.439779
8.239691 12.17098 2.452649 5.880361 17.14837
5.757395 1.553962 8.578433 1.352143 4.879256
0.3875115 5.112687 11.70656 4.443834 4.971299
2.609837 3.911186 2.442083 3.967433 6.039839
4.524233 2.834869 4.776174 5.933082 -1.775983
7.349206 3.730495 -0.3321928 2.532342 3.478083
8.086551 7.198842 4.488534 6.708122 4.493718
5.272372 6.906525 3.205462 8.47626 4.024559
11.18123 4.183769 4.103341 4.184835 3.063708
7.197256 9.203062 3.293622 8.803273 1.031976
2.629203 4.769821 4.370215 7.241037 2.153747
8.851213 6.675182 6.343784 3.555381 5.287343
4.33065 4.887617 3.67047 3.472232 2.717947
